[newspaper.jpg]
backuphash=29271
text=2;199;68;Szegedi vonatkozású tudósok, &#010;hírességek georeferált térképe;High Tower Text;0.196864,0.298972,0.118787,6.283185;v1,4278190080,4294967295,128.000000,1.000000,0.500000,1.000000,700,2,49152;;165;34;Délmagyország Archívum alapján;High Tower Text;0.352133,0.692219,0.096868,6.283185;v1,4278190080,4278190080,128.000000,1.000000,0.500000,1.000000,700,2,49152;;
textactive=1
filters=warm=1;
